0 0.218770 0.918493 0.162352 0.162347
0 0.703902 0.503556 0.056852 0.056694
0 0.628617 0.510549 0.052250 0.047597
0 0.650879 0.573160 0.051320 0.038792
0 0.467348 0.438743 0.040352 0.050375
0 0.308668 0.521285 0.039961 0.057486
0 0.657918 0.699174 0.088586 0.113542
0 0.401004 0.677424 0.060992 0.114903
0 0.443539 0.502944 0.049437 0.066778
0 0.426203 0.434785 0.024469 0.028347
0 0.369398 0.587653 0.046719 0.076750
0 0.390766 0.585007 0.090297 0.082125
0 0.409316 0.582924 0.053508 0.068403
0 0.693453 0.502632 0.035781 0.050653
0 0.495559 0.628722 0.061383 0.102194
0 0.542977 0.500660 0.048766 0.052986
0 0.347711 0.420444 0.034328 0.023111
0 0.874867 0.931986 0.150891 0.136028
0 0.664508 0.965688 0.111609 0.068625
0 0.920125 0.651618 0.100234 0.102764
0 0.374957 0.517958 0.044742 0.050944
0 0.257090 0.478424 0.034742 0.046181
0 0.543367 0.454576 0.051172 0.044569
0 0.331770 0.481493 0.041539 0.042708
0 0.379414 0.475924 0.041750 0.042708
0 0.249270 0.444375 0.034055 0.032667
0 0.531828 0.583326 0.057328 0.068347
0 0.345664 0.402486 0.039578 0.023639
0 0.597602 0.826569 0.094047 0.139778
0 0.766156 0.642278 0.077375 0.085111
