0 0.674133 0.959965 0.119016 0.080069
0 0.420996 0.543312 0.059070 0.070208
0 0.236617 0.522604 0.037750 0.055903
0 0.264355 0.483847 0.038133 0.042528
0 0.230012 0.452979 0.039117 0.041653
0 0.445215 0.463299 0.039023 0.036514
0 0.495008 0.553556 0.058922 0.051556
0 0.241629 0.408021 0.033398 0.029681
0 0.371977 0.406840 0.032016 0.026847
0 0.311258 0.402542 0.029000 0.023639
0 0.366016 0.435764 0.040141 0.030694
0 0.246949 0.914132 0.098727 0.167292
0 0.521508 0.658882 0.071312 0.120569
0 0.313867 0.423618 0.029781 0.024458
0 0.877773 0.645674 0.082687 0.071264
0 0.576258 0.483083 0.050875 0.052889
0 0.774734 0.870417 0.118641 0.148306
0 0.456187 0.604014 0.051344 0.077194
0 0.715336 0.513646 0.055375 0.059792
0 0.700340 0.598917 0.066695 0.071306
0 0.267227 0.587076 0.047422 0.076542
0 0.850840 0.694007 0.089523 0.083181
0 0.340656 0.542938 0.051359 0.061986
0 0.284801 0.690958 0.060633 0.132806
0 0.409402 0.675194 0.059086 0.113833
