0 0.258871 0.542000 0.041852 0.090722
0 0.567648 0.521604 0.055547 0.045153
0 0.332496 0.538458 0.043039 0.059417
0 0.424316 0.563590 0.052336 0.074486
0 0.256437 0.944208 0.130922 0.111361
0 0.627031 0.871174 0.119375 0.174208
0 0.955594 0.604542 0.060469 0.071000
0 0.565293 0.478840 0.051898 0.052153
0 0.682031 0.497563 0.052500 0.052875
0 0.778430 0.655236 0.084578 0.071583
0 0.301055 0.650069 0.051656 0.093056
0 0.821996 0.559021 0.068773 0.055764
0 0.709703 0.551840 0.060687 0.062014
0 0.470672 0.971549 0.110875 0.056903
0 0.506590 0.424750 0.103461 0.087611
0 0.372824 0.510833 0.044383 0.048278
0 0.320621 0.479660 0.038664 0.038681
0 0.273797 0.490674 0.039875 0.042431
0 0.390355 0.423569 0.031586 0.029278
0 0.343379 0.429931 0.027758 0.025667
0 0.361547 0.412076 0.027984 0.025264
0 0.283992 0.403319 0.030031 0.026361
0 0.247031 0.404181 0.030625 0.025306
0 0.652086 0.444938 0.124734 0.080431
0 0.802996 0.506889 0.068070 0.047667
