0 0.389637 0.443715 0.037602 0.037125
0 0.232723 0.399618 0.034461 0.035264
0 0.545250 0.582896 0.070953 0.100653
0 0.979398 0.580125 0.041125 0.071694
0 0.447281 0.573403 0.053781 0.065833
0 0.610254 0.474090 0.050336 0.051625
0 0.596523 0.529813 0.038641 0.048931
0 0.397578 0.657521 0.069687 0.137236
0 0.929129 0.608486 0.083602 0.075306
0 0.676910 0.580743 0.062211 0.066819
0 0.522504 0.693181 0.066523 0.116250
0 0.682719 0.721694 0.086203 0.128083
0 0.811191 0.676153 0.085023 0.082917
0 0.672879 0.963938 0.108180 0.072125
0 0.286215 0.629653 0.047742 0.079028
0 0.273652 0.592236 0.039258 0.059778
0 0.329531 0.546646 0.043125 0.059042
0 0.236887 0.522090 0.035383 0.048792
0 0.499730 0.482833 0.047727 0.049944
0 0.536582 0.435833 0.039273 0.032222
0 0.444297 0.463229 0.040172 0.037597
0 0.473449 0.424563 0.049539 0.046181
0 0.341504 0.492500 0.039445 0.046139
0 0.268152 0.448986 0.027695 0.036750
0 0.313863 0.417736 0.030711 0.026417
0 0.200633 0.477646 0.033422 0.050125
0 0.239539 0.464646 0.036031 0.041764
0 0.213141 0.434431 0.034469 0.032500
0 0.663152 0.476292 0.043758 0.030861
0 0.840418 0.959729 0.047195 0.068264
0 0.282738 0.782111 0.078508 0.169556
0 0.936516 0.692208 0.085641 0.076556
