0 0.438078 0.582187 0.048578 0.062819
0 0.623305 0.679708 0.078016 0.101861
0 0.552844 0.472118 0.052297 0.055625
0 0.262273 0.898542 0.121719 0.191667
0 0.275102 0.462035 0.037750 0.035431
0 0.231023 0.468319 0.032641 0.038528
0 0.297262 0.403750 0.031852 0.022278
0 0.476270 0.632667 0.059898 0.081889
0 0.700043 0.537701 0.057023 0.058625
0 0.736105 0.518403 0.052773 0.050639
0 0.616543 0.497646 0.051570 0.059653
0 0.842543 0.615944 0.072773 0.069472
0 0.778332 0.642958 0.087617 0.117111
0 0.379262 0.510938 0.045789 0.065236
0 0.462621 0.520257 0.055227 0.066486
0 0.387066 0.484604 0.041523 0.042125
0 0.463438 0.450750 0.036797 0.035944
0 0.516617 0.432778 0.047719 0.043139
0 0.323336 0.442153 0.040547 0.050333
0 0.543711 0.585194 0.058016 0.082028
0 0.284219 0.627736 0.062344 0.107861
0 0.291363 0.503799 0.037742 0.049764
0 0.328383 0.537486 0.042609 0.066917
0 0.990824 0.642319 0.018023 0.057972
