0 0.431332 0.424590 0.032898 0.031569
0 0.515645 0.441125 0.049414 0.048139
0 0.364793 0.437750 0.037836 0.036056
0 0.833191 0.551625 0.084117 0.067583
0 0.970289 0.716333 0.059422 0.086333
0 0.247176 0.519028 0.043148 0.081944
0 0.342066 0.543014 0.040086 0.067778
0 0.289363 0.599271 0.082320 0.172708
0 0.532348 0.679160 0.070008 0.114181
0 0.353422 0.465382 0.048797 0.066292
0 0.440617 0.581764 0.052109 0.067083
0 0.447813 0.457743 0.046500 0.048264
0 0.626020 0.499549 0.052102 0.053181
0 0.491508 0.462472 0.038531 0.040222
0 0.499820 0.556868 0.065250 0.073042
0 0.839027 0.618604 0.091758 0.080875
0 0.595125 0.528715 0.048922 0.060597
0 0.722699 0.548438 0.064523 0.070153
0 0.255672 0.456569 0.032922 0.038667
0 0.244371 0.430035 0.038664 0.037597
0 0.285004 0.404264 0.029914 0.029000
0 0.326238 0.419028 0.032023 0.029528
