0 0.631637 0.475687 0.050617 0.036708
0 0.323359 0.525438 0.047531 0.071708
0 0.835090 0.689382 0.090305 0.084542
0 0.485961 0.466681 0.033984 0.043111
0 0.555629 0.460847 0.035242 0.038972
0 0.282715 0.652715 0.056102 0.099875
0 0.502848 0.649896 0.069930 0.107847
0 0.245195 0.468882 0.037844 0.045958
0 0.352063 0.438153 0.024984 0.019639
0 0.396699 0.429840 0.020930 0.020986
0 0.474445 0.467375 0.056922 0.043306
0 0.825617 0.553174 0.072453 0.071042
0 0.765852 0.602361 0.068687 0.075500
0 0.559059 0.775174 0.082117 0.124764
0 0.315156 0.473188 0.043047 0.038264
0 0.271840 0.405986 0.028148 0.039556
0 0.304875 0.403139 0.029500 0.023083
0 0.323254 0.420375 0.030508 0.029972
0 0.614773 0.501410 0.050391 0.045486
0 0.383031 0.481604 0.042641 0.049708
0 0.263453 0.547799 0.044453 0.064875
0 0.969527 0.718132 0.060945 0.087625
0 0.220082 0.927458 0.123227 0.145083
0 0.425777 0.947299 0.125164 0.105403
