0 0.620637 0.550562 0.052273 0.055542
0 0.240484 0.466326 0.041906 0.049708
0 0.502387 0.554028 0.049195 0.056472
0 0.560852 0.510090 0.048672 0.048569
0 0.289469 0.501903 0.037484 0.041806
0 0.227262 0.470313 0.069102 0.060264
0 0.779273 0.545604 0.044672 0.039958
0 0.745027 0.559569 0.055695 0.054778
0 0.267316 0.539250 0.040164 0.069194
0 0.659371 0.514181 0.059820 0.047861
0 0.733242 0.623826 0.071953 0.069597
0 0.866848 0.720812 0.096039 0.097514
0 0.436863 0.440972 0.031805 0.033556
0 0.506246 0.444389 0.120930 0.131111
0 0.221902 0.422951 0.031805 0.027347
0 0.348082 0.428542 0.034602 0.023611
0 0.428648 0.500007 0.043344 0.054681
0 0.368527 0.511500 0.047539 0.054056
0 0.452629 0.957521 0.122773 0.084958
0 0.396125 0.691528 0.059344 0.093444
