0 0.453570 0.519125 0.046109 0.059667
0 0.211551 0.394986 0.026180 0.026472
0 0.249121 0.394986 0.026852 0.020861
0 0.408242 0.433514 0.034672 0.031083
0 0.374445 0.439653 0.034906 0.033639
0 0.264902 0.480417 0.041180 0.047417
0 0.346320 0.490812 0.043047 0.053236
0 0.259285 0.552375 0.042117 0.059889
0 0.434035 0.936340 0.137758 0.127319
0 0.813891 0.921681 0.152328 0.156639
0 0.306184 0.413299 0.020102 0.019597
0 0.613719 0.476444 0.036594 0.034639
0 0.575605 0.480167 0.052039 0.051056
0 0.482926 0.471910 0.041492 0.029542
0 0.386320 0.626479 0.060344 0.094069
0 0.591023 0.523118 0.037328 0.045514
0 0.456922 0.587201 0.055906 0.070347
0 0.276934 0.604681 0.046836 0.076667
0 0.785410 0.561993 0.099039 0.095264
0 0.850078 0.562396 0.061766 0.079153
0 0.479953 0.437882 0.040453 0.034375
0 0.718422 0.604090 0.064609 0.080347
0 0.528711 0.726479 0.068359 0.103097
