0 0.340973 0.410014 0.030289 0.020417
0 0.296793 0.463639 0.045492 0.049889
0 0.853082 0.942514 0.107055 0.108250
0 0.273965 0.839493 0.085648 0.135764
0 0.507133 0.464465 0.040359 0.037986
0 0.423809 0.421687 0.037070 0.034153
0 0.382117 0.624201 0.050766 0.077236
0 0.830715 0.612056 0.071617 0.062139
0 0.239656 0.521167 0.040266 0.063167
0 0.307414 0.529340 0.047016 0.072653
0 0.985582 0.636264 0.028383 0.087583
0 0.632582 0.561507 0.051727 0.050625
0 0.567285 0.444903 0.041664 0.036278
0 0.561664 0.486903 0.043547 0.044528
0 0.598621 0.640222 0.077523 0.090667
0 0.433180 0.896674 0.105891 0.206458
0 0.253668 0.404604 0.030477 0.032903
0 0.345047 0.491611 0.041672 0.050639
0 0.859219 0.706806 0.105000 0.091389
0 0.664023 0.521965 0.051953 0.044931
0 0.336551 0.425917 0.023773 0.029333
