0 0.768801 0.568944 0.067367 0.067306
0 0.635223 0.557438 0.058961 0.051931
0 0.772852 0.652861 0.078312 0.090583
0 0.814422 0.519597 0.059906 0.057917
0 0.608117 0.889674 0.110719 0.182292
0 0.275813 0.707993 0.062688 0.101264
0 0.271941 0.832722 0.080508 0.161889
0 0.686523 0.742688 0.090188 0.116347
0 0.497332 0.481389 0.042758 0.038750
0 0.326355 0.416861 0.034852 0.035861
0 0.762918 0.409319 0.037430 0.050444
0 0.965617 0.707667 0.064375 0.065278
0 0.459293 0.949444 0.121086 0.095083
0 0.557180 0.462639 0.055484 0.058056
0 0.379309 0.618590 0.058961 0.102319
0 0.478035 0.611153 0.063898 0.092028
0 0.237367 0.534222 0.038062 0.051028
0 0.273613 0.489111 0.036852 0.043500
0 0.306844 0.467903 0.040484 0.041889
0 0.397926 0.446146 0.037758 0.026319
0 0.427730 0.435625 0.041070 0.036111
0 0.237953 0.408549 0.027531 0.020458
0 0.264820 0.408590 0.028672 0.024625
0 0.191945 0.397910 0.019547 0.021097
